%YAML:1.0
CM1: !!opencv-matrix
   rows: 3
   cols: 3
   dt: d
   data: [ 7.9379394899392594e+002, 0., 3.4778695477655378e+002, 0.,
       7.9320285927246323e+002, 2.4654855673321001e+002, 0., 0., 1. ]
CM2: !!opencv-matrix
   rows: 3
   cols: 3
   dt: d
   data: [ 7.8225799902525080e+002, 0., 3.6733254924419725e+002, 0.,
       7.8147458322064324e+002, 2.2006423207061053e+002, 0., 0., 1. ]
D1: !!opencv-matrix
   rows: 1
   cols: 5
   dt: d
   data: [ 7.4815081392922395e-002, 5.9374991158048798e-002,
       3.2744805693861847e-003, 3.1270470411704282e-003,
       -1.4211842199646041e+000 ]
D2: !!opencv-matrix
   rows: 1
   cols: 5
   dt: d
   data: [ 4.0299745210881921e-002, 9.1863736036023769e-002,
       1.9257771630940596e-003, 3.7911322129530636e-003,
       -6.5454739172551590e-001 ]
R: !!opencv-matrix
   rows: 3
   cols: 3
   dt: d
   data: [ 9.9999905018982316e-001, 1.1404927410216170e-003,
       7.7388355657178655e-004, -1.1442304170891941e-003,
       9.9998760035710754e-001, 4.8466347898708639e-003,
       -7.6834640889581038e-004, -4.8475156875925317e-003,
       9.9998795554519282e-001 ]
T: !!opencv-matrix
   rows: 3
   cols: 1
   dt: d
   data: [ -7.0418396945768569e-002, -2.4991793866620748e-004,
       5.1530723336502555e-004 ]
E: !!opencv-matrix
   rows: 3
   cols: 3
   dt: d
   data: [ 7.8165376125516576e-007, -5.1408936261105676e-004,
       -2.5241243450558872e-004, 4.6120102150749018e-004,
       -3.4076657973068240e-004, 7.0417947582363444e-002,
       3.3049257299961514e-004, -7.0417238753198483e-002,
       -3.4109884510107204e-004 ]
F: !!opencv-matrix
   rows: 3
   cols: 3
   dt: d
   data: [ 7.6634647398243866e-010, -5.0439743816609778e-007,
       -7.2347768928674561e-005, 4.5262251895225923e-007,
       -3.3467741426818341e-007, 5.4782728357709781e-002,
       1.5358007234605382e-004, -5.3787030732756896e-002, 1. ]
R1: !!opencv-matrix
   rows: 3
   cols: 3
   dt: d
   data: [ 9.9996754058736803e-001, 4.7248088714788843e-003,
       -6.5264042763619363e-003, -4.7089960990640270e-003,
       9.9998594519643835e-001, 2.4361373780278431e-003,
       6.5378228325277173e-003, -2.4053254901611589e-003,
       9.9997573534656181e-001 ]
R2: !!opencv-matrix
   rows: 3
   cols: 3
   dt: d
   data: [ 9.9996692874128912e-001, 3.5489259114752291e-003,
       -7.3175507233288941e-003, -3.5666296281326388e-003,
       9.9999074097256024e-001, -2.4077213803899047e-003,
       7.3089381451314772e-003, 2.4337407472284182e-003,
       9.9997032772436101e-001 ]
P1: !!opencv-matrix
   rows: 3
   cols: 4
   dt: d
   data: [ 7.8147458322064324e+002, 0., 3.6655572509765625e+002, 0., 0.,
       7.8147458322064324e+002, 2.3409482765197754e+002, 0., 0., 0., 1.,
       0. ]
P2: !!opencv-matrix
   rows: 3
   cols: 4
   dt: d
   data: [ 7.8147458322064324e+002, 0., 3.6655572509765625e+002,
       -5.5032007382013823e+001, 0., 7.8147458322064324e+002,
       2.3409482765197754e+002, 0., 0., 0., 1., 0. ]
Q: !!opencv-matrix
   rows: 4
   cols: 4
   dt: d
   data: [ 1., 0., 0., -3.6655572509765625e+002, 0., 1., 0.,
       -2.3409482765197754e+002, 0., 0., 0., 7.8147458322064324e+002, 0.,
       0., 1.4200364849421311e+001, 0. ]
